[App]
WindowPosX=1932
WindowPosY=152
WindowWidth=1875
WindowHeight=1042
FrameRate=60

[Graph]
MaxResolution=512
Opacity=0.800000
Scale=4.000000
